1000000007
1000000009
1000000021
1000000033
1000000087
1000000093
1000000097
1000000103
1000000123
1000000181
1000000207
1000000223
1000000241
1000000271
1000000289
1000000297
1000000321
1000000349
1000000363
1000000403
1000000409
1000000411
1000000427
1000000433
1000000439
1000000447
1000000453
1000000459
1000000483
1000000513
1000000531
1000000579
1000000607
1000000613
1000000637
1000000663
1000000711
1000000753
1000000787
1000000801
1000000829
1000000861
1000000871
1000000891
1000000901
1000000919
1000000931
1000000933
1000000993
1000001011
1000001021
1000001053
1000001087
1000001099
1000001137
1000001161
1000001203
1000001213
1000001237
1000001263
1000001269
1000001273
1000001279
1000001311
1000001329
1000001333
1000001351
1000001371
1000001393
1000001413
1000001447
1000001449
1000001491
1000001501
1000001531
1000001537
1000001539
1000001581
1000001617
1000001621
1000001633
1000001647
1000001663
1000001677
1000001699
1000001759
1000001773
1000001789
1000001791
1000001801
1000001803
1000001819
1000001857
1000001887
1000001917
1000001927
1000001957
1000001963
1000001969
1000002043
1000002089
1000002103
1000002139
1000002149
1000002161
1000002173
1000002187
1000002193
1000002233
1000002239
1000002277
1000002307
1000002359
1000002361
1000002431
1000002449
1000002457
1000002499
1000002571
1000002581
1000002607
1000002631
1000002637
1000002649
1000002667
1000002727
1000002791
1000002803
1000002821
1000002823
1000002827
1000002907
1000002937
1000002989
1000003009
1000003013
1000003051
1000003057
1000003097
1000003111
1000003133
1000003153
1000003157
1000003163
1000003211
1000003241
1000003247
1000003253
1000003267
1000003271
1000003273
1000003283
1000003309
1000003337
1000003351
1000003357
1000003373
1000003379
1000003397
1000003469
1000003471
1000003513
1000003519
1000003559
1000003577
1000003579
1000003601
1000003621
1000003643
1000003651
1000003663
1000003679
1000003709
1000003747
1000003751
1000003769
1000003777
1000003787
1000003793
1000003843
1000003853
1000003871
1000003889
1000003891
1000003909
1000003919
1000003931
1000003951
1000003957
1000003967
1000003987
1000003999
1000004023
1000004059
1000004099
1000004119
1000004123
1000004207
1000004233
1000004249
1000004251
1000004263
1000004321
1000004329
1000004381
1000004389
1000004437
1000004449
1000004459
1000004497
1000004507
1000004519
1000004539
1000004567
1000004569
1000004581
1000004609
1000004611
1000004627
1000004633
1000004647
1000004693
1000004699
1000004717
1000004771
1000004777
1000004783
1000004791
1000004807
1000004839
1000004843
1000004849
1000004857
1000004867
1000004869
1000004891
1000004893
1000004897
1000004927
1000004933
1000004977
1000004981
1000005001
1000005029
1000005053
1000005067
1000005103
1000005133
1000005187
1000005197
1000005203
1000005233
1000005277
1000005287
1000005299
1000005317
1000005329
1000005341
1000005353
1000005361
1000005403
1000005407
1000005437
1000005443
1000005449
1000005451
1000005469
1000005491
1000005527
1000005541
1000005547
1000005583
1000005631
1000005647
1000005683
1000005731
1000005737
1000005751
1000005763
1000005791
1000005823
1000005827
1000005833
1000005847
1000005863
1000005899
1000005907
1000005947
1000005953
1000005959
1000005971
1000005973
1000005991
1000005997
1000006019
1000006027
1000006037
1000006039
1000006061
1000006093
1000006099
1000006127
1000006129
1000006177
1000006193
1000006211
1000006223
1000006229
1000006307
1000006313
1000006331
1000006349
1000006379
1000006393
1000006417
1000006421
1000006457
1000006459
1000006477
1000006541
1000006571
1000006577
1000006583
1000006607
1000006621
1000006661
1000006663
1000006697
1000006717
1000006751
1000006781
1000006837
1000006867
1000006901
1000006957
1000006961
1000006967
1000006981
1000007003
1000007023
1000007027
1000007089
1000007117
1000007137
1000007147
1000007159
1000007191
1000007209
1000007237
1000007243
1000007257
1000007279
1000007321
1000007347
1000007383
1000007389
1000007417
1000007429
1000007447
1000007453
1000007467
1000007479
1000007497
1000007513
1000007521
1000007531
1000007537
1000007557
1000007633
1000007647
1000007651
1000007653
1000007681
1000007707
1000007719
1000007741
1000007759
1000007773
1000007803
1000007819
1000007837
1000007873
1000007887
1000007909
1000007923
1000007927
1000007929
1000007941
1000008041
1000008083
1000008089
1000008101
1000008109
1000008127
1000008173
1000008181
1000008223
1000008257
1000008259
1000008271
1000008277
1000008311
1000008313
1000008343
1000008349
1000008397
1000008403
1000008419
1000008431
1000008439
1000008487
1000008511
1000008557
1000008593
1000008617
1000008637
1000008649
1000008661
1000008671
1000008679
1000008719
1000008727
1000008761
1000008773
1000008791
1000008797
1000008803
1000008811
1000008829
1000008853
1000008899
1000008917
1000008937
1000008967
1000009009
1000009013
1000009063
1000009081
1000009093
1000009099
1000009123
1000009133
1000009163
1000009183
1000009211
1000009223
1000009259
1000009277
1000009279
1000009289
1000009301
1000009321
1000009331
1000009363
1000009399
1000009403
1000009421
1000009441
1000009457
1000009469
1000009487
1000009519
1000009529
1000009531
1000009541
1000009559
1000009561
1000009567
1000009573
1000009579
1000009597
1000009601
1000009609
1000009631
1000009651
1000009667
1000009679
1000009711
1000009733
1000009739
1000009757
1000009789
1000009831
1000009859
1000009867
1000009961
1000009999
1000010029
1000010051
1000010069
1000010101
1000010153
1000010173
1000010189
1000010197
1000010233
1000010243
1000010251
1000010267
1000010281
1000010303
1000010321
1000010327
1000010351
1000010357
1000010381
1000010449
1000010467
1000010483
1000010503
1000010513
1000010549
1000010593
1000010597
1000010611
1000010633
1000010659
1000010699
1000010707
1000010723
1000010747
1000010749
1000010761
1000010773
1000010777
1000010801
1000010833
1000010903
1000010953
1000010969
1000010971
1000010981
1000010987
1000011007
1000011011
1000011071
1000011083
1000011091
1000011107
1000011109
1000011137
1000011149
1000011161
1000011223
1000011239
1000011253
1000011269
1000011277
1000011283
1000011289
1000011301
1000011317
1000011329
1000011371
1000011377
1000011391
1000011421
1000011479
1000011487
1000011497
1000011517
1000011533
1000011539
1000011559
1000011583
1000011601
1000011619
1000011631
1000011659
1000011673
1000011679
1000011707
1000011763
1000011767
1000011769
1000011773
1000011799
1000011811
1000011821
1000011823
1000011847
1000011869
1000011967
1000011983
1000011989
1000012019
1000012037
1000012121
1000012157
1000012177
1000012187
1000012217
1000012219
1000012231
1000012241
1000012253
1000012297
1000012309
1000012333
1000012337
1000012339
1000012361
1000012367
1000012399
1000012411
1000012459
1000012463
1000012483
1000012501
1000012513
1000012523
1000012547
1000012553
1000012577
1000012609
1000012631
1000012649
1000012679
1000012681
1000012703
1000012723
1000012733
1000012747
1000012753
1000012759
1000012799
1000012847
1000012877
1000012891
1000012901
1000012903
1000012927
1000012939
1000012963
1000013011
1000013017
1000013029
1000013039
1000013081
1000013087
1000013089
1000013101
1000013107
1000013137
1000013141
1000013143
1000013153
1000013191
1000013207
1000013213
1000013237
1000013323
1000013369
1000013419
1000013437
1000013447
1000013477
1000013519
1000013537
1000013561
1000013563
1000013587
1000013591
1000013723
1000013741
1000013759
1000013789
1000013801
1000013857
1000013881
1000013897
1000013921
1000013923
1000013939
1000013999
1000014011
1000014073
1000014077
1000014083
1000014097
1000014121
1000014131
1000014143
1000014157
1000014161
1000014167
1000014181
1000014193
1000014209
1000014241
1000014259
1000014271
1000014293
1000014361
1000014391
1000014397
1000014437
1000014529
1000014551
1000014581
1000014583
1000014599
1000014607
1000014611
1000014643
1000014727
1000014761
1000014773
1000014779
1000014791
1000014823
1000014853
1000014881
1000014889
1000014901
1000014931
1000014937
1000014997
1000015031
1000015043
1000015057
1000015063
1000015069
1000015097
1000015103
1000015109
1000015117
1000015141
1000015147
1000015187
1000015199
1000015217
1000015231
1000015253
1000015271
1000015279
1000015283
1000015307
1000015339
1000015349
1000015351
1000015363
1000015369
1000015409
1000015427
1000015447
1000015477
1000015487
1000015553
1000015579
1000015591
1000015649
1000015651
1000015673
1000015693
1000015703
1000015717
1000015727
1000015747
1000015799
1000015811
1000015823
1000015859
1000015889
1000015963
1000015981
1000016009
1000016021
1000016029
1000016047
1000016063
1000016089
1000016093
1000016107
1000016153
1000016167
1000016191
1000016201
1000016231
1000016233
1000016261
1000016267
1000016273
1000016317
1000016323
1000016411
1000016419
1000016431
1000016489
1000016491
1000016513
1000016539
1000016617
1000016621
1000016623
1000016627
1000016651
1000016659
1000016671
1000016711
1000016863
1000016887
1000016909
1000016929
1000016939
1000017047
1000017071
1000017077
1000017089
1000017097
1000017107
1000017119
1000017131
1000017157
1000017169
1000017199
1000017203
1000017223
1000017229
1000017247
1000017257
1000017259
1000017287
1000017289
1000017301
1000017307
1000017311
1000017349
1000017379
1000017413
1000017433
1000017493
1000017541
1000017559
1000017563
1000017607
1000017631
1000017659
1000017737
1000017751
1000017769
1000017773
1000017793
1000017797
1000017829
1000017841
1000017853
1000017869
1000017881
1000017923
1000017929
1000017959
1000017961
1000018001
1000018007
1000018067
1000018073
1000018087
1000018093
1000018141
1000018147
1000018169
1000018171
1000018189
1000018321
1000018333
1000018337
1000018361
1000018373
1000018379
1000018381
1000018391
1000018427
1000018433
1000018441
1000018471
1000018477
1000018519
1000018531
1000018543
1000018549
1000018601
1000018603
1000018619
1000018627
1000018651
1000018709
1000018711
1000018753
1000018757
1000018813
1000018819
1000018841
1000018847
1000018871
1000018913
1000018927
1000018939
1000018967
1000018969
1000019003
1000019057
1000019071
1000019081
1000019089
1000019099
1000019107
1000019113
1000019117
1000019123
1000019131
1000019159
1000019161
1000019227
1000019249
1000019257
1000019327
1000019333
1000019351
1000019353
1000019357
1000019393
1000019399
1000019401
1000019429
1000019443
1000019459
1000019467
1000019491
1000019563
1000019569
1000019591
1000019597
1000019617
1000019621
1000019659
1000019677
1000019681
1000019693
1000019707
1000019711
1000019719
1000019743
1000019767
1000019777
1000019791
1000019803
1000019819
1000019857
1000019861
1000019863
1000019869
1000019873
1000019897
1000019899
1000019903
1000019927
1000019981
1000020001
1000020011
1000020023
1000020029
1000020107
1000020139
1000020163
1000020193
1000020209
1000020221
1000020283
1000020313
1000020319
1000020337
1000020347
1000020353
1000020361
1000020367
1000020383
1000020409
1000020443
1000020491
1000020523
1000020547
1000020569
1000020577
1000020689
1000020701
1000020727
1000020737
1000020743
1000020757
1000020779
1000020799
1000020803
1000020817
1000020829
1000020851
1000020881
1000020893
1000020919
1000020929
1000020953
1000020961
1000020991
1000020997
1000021003
1000021019
1000021027
1000021069
1000021079
1000021081
1000021097
1000021133
1000021189
1000021193
1000021229
1000021247
1000021259
1000021261
1000021273
1000021291
1000021333
1000021339
1000021369
1000021409
1000021489
1000021507
1000021511
1000021537
1000021553
1000021559
1000021573
1000021609
1000021619
1000021663
1000021667
1000021691
1000021697
1000021733
1000021751
1000021783
1000021801
1000021823
1000021843
1000021849
1000021879
1000021933
1000021937
1000021949
1000021951
1000021969
1000021987
1000022027
1000022033
1000022039
1000022057
1000022069
1000022071
1000022081
1000022173
1000022189
1000022197
1000022213
1000022237
1000022239
1000022293
1000022327
1000022339
1000022351
1000022363
1000022377
1000022389
1000022393
1000022417
1000022449
1000022461
1000022533
1000022539
1000022581
1000022599
1000022609
1000022623
1000022627
1000022651
1000022657
1000022729
1000022741
1000022783
1000022809
1000022813
1000022897
1000022971
1000023041
1000023043
1000023053
1000023109
1000023121
1000023139
1000023151
1000023197
1000023229
1000023247
1000023263
1000023281
1000023289
1000023293
1000023301
1000023319
1000023337
1000023361
1000023379
1000023449
1000023469
1000023473
1000023499
1000023533
1000023581
1000023611
1000023631
1000023649
1000023659
1000023677
1000023697
1000023701
1000023763
1000023767
1000023797
1000023809
1000023851
1000023859
1000023881
1000023883
1000023887
1000023917
1000023931
1000023961
1000023967
1000023971
1000023991
1000024043
1000024063
1000024073
1000024127
1000024141
1000024171
1000024189
1000024229
1000024243
1000024261
1000024273
1000024307
1000024327
1000024339
1000024343
1000024351
1000024357
1000024387
1000024391
1000024393
1000024477
1000024489
1000024523
1000024537
1000024547
1000024561
1000024589
1000024637
1000024651
1000024673
1000024679
1000024699
1000024709
1000024717
1000024747
1000024757
1000024759
1000024769
1000024771
1000024799
1000024859
1000024871
1000024901
1000024933
1000024957
1000024979
1000024997
1000024999
1000025077
1000025083
1000025087
1000025111
1000025129
1000025141
1000025149
1000025167
1000025171
1000025203
1000025237
1000025261
1000025263
1000025267
1000025269
1000025281
1000025291
1000025333
1000025339
1000025363
1000025401
1000025413
1000025443
1000025483
1000025489
1000025491
1000025513
1000025581
1000025641
1000025659
1000025669
1000025681
1000025693
1000025707
1000025723
1000025729
1000025771
1000025773
1000025777
1000025827
1000025839
1000025843
1000025857
1000025863
1000025911
1000025921
1000026011
1000026019
1000026077
1000026089
1000026109
1000026113
1000026119
1000026133
1000026151
1000026163
1000026193
1000026199
1000026233
1000026263
1000026311
1000026331
1000026337
1000026403
1000026527
1000026529
1000026539
1000026557
1000026589
1000026593
1000026617
1000026623
1000026653
1000026667
1000026697
1000026707
1000026739
1000026763
1000026767
1000026773
1000026779
1000026803
1000026823
1000026847
1000026851
1000026857
1000026889
1000026893
1000026901
1000026917
1000026919
1000026961
1000026971
1000027001
1000027003
1000027013
1000027087
1000027123
1000027129
1000027141
1000027151
1000027153
1000027163
1000027181
1000027183
1000027201
1000027241
1000027277
1000027283
1000027291
1000027313
1000027333
1000027381
1000027411
1000027429
1000027439
1000027447
1000027451
1000027463
1000027471
1000027519
1000027531
1000027541
1000027559
1000027571
1000027573
1000027579
1000027607
1000027631
1000027661
1000027663
1000027697
1000027709
1000027723
1000027727
1000027733
1000027747
1000027753
1000027799
1000027807
1000027811
1000027837
1000027841
1000027849
1000027859
1000027867
1000027871
1000027877
1000027891
1000027901
1000027913
1000027933
1000027957
1000027981
1000028023
1000028027
1000028033
1000028041
1000028129
1000028143
1000028147
1000028177
1000028189
1000028203
1000028207
1000028261
1000028279
1000028303
1000028317
1000028321
1000028389
1000028437
1000028453
1000028461
1000028479
1000028483
1000028507
1000028521
1000028537
1000028543
1000028591
1000028593
1000028599
1000028639
1000028657
1000028699
1000028747
1000028759
1000028773
1000028789
1000028839
1000028863
1000028923
1000028947
1000028951
1000028987
1000028989
1000028993
1000029013
1000029061
1000029067
1000029077
1000029089
1000029103
1000029119
1000029133
1000029139
1000029143
1000029157
1000029161
1000029193
1000029209
1000029211
1000029221
1000029227
1000029271
1000029311
1000029343
1000029367
1000029379
1000029419
1000029421
1000029461
1000029463
1000029491
1000029517
1000029559
1000029571
1000029577
1000029601
1000029619
1000029631
1000029671
1000029689
1000029703
1000029731
1000029749
1000029757
1000029799
1000029829
1000029889
1000029911
1000029967
1000029971
1000030001
1000030019
1000030033
1000030051
1000030061
1000030063
1000030067
1000030081
1000030091
1000030103
1000030121
1000030127
1000030153
1000030177
1000030301
1000030331
1000030393
1000030429
1000030441
1000030463
1000030481
1000030483
1000030511
1000030517
1000030529
1000030571
1000030573
1000030583
1000030597
1000030601
1000030607
1000030613
1000030621
1000030649
1000030657
1000030673
1000030711
1000030741
1000030753
1000030799
1000030807
1000030841
1000030847
1000030859
1000030879
1000030897
1000030907
1000030939
1000030957
1000030963
1000030979
1000030981
1000030991
1000031023
1000031027
1000031063
1000031113
1000031117
1000031141
1000031143
1000031159
1000031183
1000031203
1000031233
1000031251
1000031257
1000031261
1000031299
1000031303
1000031311
1000031339
1000031359
1000031371
1000031407
1000031411
1000031419
1000031437
1000031519
1000031551
1000031567
1000031653
1000031657
1000031677
1000031689
1000031701
1000031717
1000031729
1000031803
1000031833
1000031839
1000031843
1000031867
1000031869
1000031917
1000031933
1000031939
1000031983
1000032013
1000032029
1000032043
1000032049
1000032101
1000032133
1000032161
1000032167
1000032197
1000032217
1000032227
1000032247
1000032251
1000032277
1000032283
1000032287
1000032343
1000032347
1000032349
1000032401
1000032413
1000032431
1000032437
1000032457
1000032487
1000032493
1000032499
1000032521
1000032541
1000032577
1000032589
1000032611
1000032637
1000032641
1000032679
1000032697
1000032727
1000032731
1000032739
1000032773
1000032793
1000032827
1000032857
1000032881
1000032883
1000032899
1000032919
1000032923
1000032931
1000032953
1000032961
1000032967
1000032989
1000032997
1000033033
1000033037
1000033039
1000033051
1000033057
1000033063
1000033087
1000033117
1000033127
1000033141
1000033183
1000033193
1000033231
1000033249
1000033259
1000033273
1000033301
1000033393
1000033423
1000033427
1000033457
1000033469
1000033481
1000033487
1000033513
1000033519
1000033547
1000033561
1000033571
1000033577
1000033579
1000033591
1000033603
1000033607
1000033621
1000033649
1000033673
1000033753
1000033763
1000033777
1000033781
1000033787
1000033807
1000033889
1000033933
1000033943
1000033961
1000033963
1000033967
1000033981
1000034003
1000034017
1000034029
1000034041
1000034047
1000034071
1000034111
1000034117
1000034137
1000034143
1000034153
1000034159
1000034179
1000034237
1000034303
1000034309
1000034311
1000034317
1000034323
1000034351
1000034393
1000034417
1000034419
1000034447
1000034459
1000034461
1000034471
1000034473
1000034479
1000034507
1000034513
1000034573
1000034597
1000034599
1000034603
1000034627
1000034647
1000034681
1000034689
1000034701
1000034747
1000034759
1000034767
1000034863
1000034881
1000034897
1000034939
1000034951
1000034969
1000035011
1000035019
1000035041
1000035079
1000035109
1000035163
1000035173
1000035181
1000035187
1000035209
1000035229
1000035247
1000035269
1000035287
1000035299
1000035307
1000035329
1000035347
1000035349
1000035373
1000035389
1000035397
1000035409
1000035431
1000035437
1000035461
1000035467
1000035499
1000035527
1000035571
1000035599
1000035611
1000035637
1000035677
1000035689
1000035697
1000035733
1000035737
1000035811
1000035823
1000035857
1000035887
1000035919
1000035943
1000035983
1000035997
1000036027
1000036039
1000036049
1000036057
1000036073
1000036091
1000036109
1000036123
1000036127
1000036181
1000036183
1000036189
1000036199
1000036201
1000036321
1000036357
1000036369
1000036381
1000036393
1000036397
1000036421
1000036447
1000036483
1000036487
1000036511
1000036529
1000036537
1000036549
1000036571
1000036603
1000036637
1000036649
1000036651
1000036693
1000036721
1000036727
1000036759
1000036769
1000036771
1000036787
1000036789
1000036799
1000036811
1000036819
1000036837
1000036847
1000036903
1000036909
1000036927
1000036963
1000036969
1000036981
1000036993
1000037011
1000037023
1000037039
1000037041
1000037081
1000037083
1000037099
1000037119
1000037123
1000037141
1000037173
1000037179
1000037183
1000037219
1000037237
1000037239
1000037251
1000037261
1000037299
1000037321
1000037323
1000037329
1000037341
1000037347
1000037371
1000037407
1000037411
1000037449
1000037483
1000037501
1000037509
1000037531
1000037569
1000037573
1000037579
1000037593
1000037603
1000037639
1000037651
1000037671
1000037777
1000037783
1000037791
1000037803
1000037807
1000037821
1000037837
1000037873
1000037879
1000037881
1000037921
1000037957
1000037977
1000037989
1000038029
1000038031
1000038037
1000038041
1000038113
1000038133
1000038163
1000038187
1000038217
1000038253
1000038271
1000038307
1000038341
1000038353
1000038409
1000038427
1000038439
1000038511
1000038521
1000038569
1000038577
1000038601
1000038631
1000038671
1000038691
1000038707
1000038709
1000038713
1000038733
1000038779
1000038791
1000038797
1000038829
1000038833
1000038839
1000038841
1000038847
1000038869
1000038877
1000038901
1000038943
1000038953
1000038971
1000038983
1000039009
1000039049
1000039087
1000039097
1000039099
1000039111
1000039121
1000039133
1000039151
1000039213
1000039223
1000039231
1000039237
1000039267
1000039273
1000039301
1000039303
1000039319
1000039409
1000039423
1000039507
1000039541
1000039543
1000039577
1000039613
1000039619
1000039631
1000039643
1000039657
1000039679
1000039681
1000039723
1000039751
1000039759
1000039763
1000039769
1000039771
1000039801
1000039829
1000039883
1000039889
1000039903
1000039919
1000039927
1000039933
1000039969
1000040017
1000040059
1000040071
1000040099
1000040137
1000040141
1000040179
1000040201
1000040203
1000040257
1000040309
1000040323
1000040333
1000040339
1000040341
1000040347
1000040399
1000040407
1000040429
1000040441
1000040449
1000040533
1000040567
1000040581
1000040597
1000040599
1000040627
1000040641
1000040647
1000040659
1000040663
1000040681
1000040711
1000040791
1000040801
1000040819
1000040831
1000040863
1000040903
1000040917
1000040933
1000041019
1000041037
1000041061
1000041071
1000041083
1000041103
1000041131
1000041151
1000041169
1000041179
1000041181
1000041197
1000041221
1000041233
1000041241
1000041253
1000041271
1000041283
1000041323
1000041331
1000041377
1000041379
1000041389
1000041391
1000041437
1000041451
1000041499
1000041533
1000041547
1000041557
1000041569
1000041599
1000041671
1000041689
1000041697
1000041709
1000041719
1000041727
1000041737
1000041781
1000041821
1000041827
1000041857
1000041871
1000041893
1000041899
1000041929
1000041937
1000041943
1000041997
1000042007
1000042027
1000042039
1000042091
1000042097
1000042117
1000042123
1000042129
1000042157
1000042207
1000042217
1000042249
1000042261
1000042279
1000042283
1000042321
1000042339
1000042343
1000042387
1000042397
1000042411
1000042427
1000042441
1000042457
1000042471
1000042481
1000042487
1000042489
1000042499
1000042501
1000042513
1000042541
1000042543
1000042559
1000042573
1000042579
1000042591
1000042607
1000042619
1000042621
1000042643
1000042657
1000042661
1000042669
1000042679
1000042711
1000042793
1000042801
1000042811
1000042843
1000042889
1000042913
1000042933
1000042943
1000042961
1000042991
1000043021
1000043029
1000043041
1000043053
1000043101
1000043153
1000043189
1000043227
1000043263
1000043269
1000043311
1000043323
1000043347
1000043441
1000043459
1000043461
1000043483
1000043489
1000043491
1000043497
1000043501
1000043557
1000043563
1000043617
1000043623
1000043711
1000043729
1000043731
1000043753
1000043761
1000043767
1000043771
1000043773
1000043813
1000043827
1000043839
1000043851
1000043879
1000043893
1000043897
1000043899
1000043953
1000043963
1000043981
1000043983
1000043987
1000044013
1000044047
1000044083
1000044107
1000044109
1000044113
1000044131
1000044137
1000044151
1000044179
1000044197
1000044223
1000044229
1000044247
1000044259
1000044289
1000044307
1000044337
1000044373
1000044377
1000044389
1000044433
1000044457
1000044503
1000044509
1000044511
1000044527
1000044557
1000044581
1000044587
1000044611
1000044629
1000044637
1000044659
1000044697
1000044751
1000044781
1000044811
1000044821
1000044823
1000044827
1000044833
1000044887
1000044889
1000044893
1000044901
1000044923
1000044959
1000044977
1000044989
1000045001
1000045003
1000045051
1000045097
1000045147
1000045157
1000045159
1000045169
1000045187
1000045201
1000045217
1000045229
1000045303
1000045351
1000045379
1000045427
1000045441
1000045463
1000045471
1000045493
1000045537
1000045597
1000045603
1000045661
1000045663
1000045687
1000045729
1000045733
1000045759
1000045769
1000045777
1000045789
1000045841
1000045843
1000045909
1000045973
1000046011
1000046059
1000046071
1000046093
1000046153
1000046161
1000046231
1000046251
1000046297
1000046351
1000046357
1000046381
1000046393
1000046413
1000046419
1000046423
1000046447
1000046449
1000046459
1000046473
1000046483
1000046569
1000046599
1000046609
1000046633
1000046651
1000046653
1000046669
1000046681
1000046699
1000046737
1000046807
1000046821
1000046833
1000046837
1000046843
1000046849
1000046863
1000046869
1000046897
1000046903
1000046909
1000046917
1000046953
1000047029
1000047047
1000047071
1000047077
1000047079
1000047091
1000047119
1000047131
1000047193
1000047203
1000047229
1000047233
1000047271
1000047289
1000047299
1000047313
1000047317
1000047331
1000047353
1000047361
1000047379
1000047409
1000047413
1000047437
1000047469
1000047473
1000047487
1000047509
1000047511
1000047533
1000047583
1000047599
1000047637
1000047647
1000047667
1000047679
1000047683
1000047701
1000047733
1000047739
1000047743
1000047749
1000047781
1000047799
1000047821
1000047823
1000047887
1000047901
1000047907
1000047931
1000047949
1000047953
1000047989
1000048009
1000048013
1000048019
1000048037
1000048039
1000048051
1000048087
1000048111
1000048117
1000048129
1000048157
1000048163
1000048177
1000048193
1000048199
1000048207
1000048219
1000048229
1000048241
1000048249
1000048339
1000048403
1000048433
1000048453
1000048493
1000048501
1000048541
1000048547
1000048583
1000048601
1000048627
1000048661
1000048667
1000048723
1000048739
1000048741
1000048769
1000048771
1000048781
1000048787
1000048799
1000048811
1000048843
1000048849
1000048859
1000048867
1000048877
1000048883
1000048909
1000048957
1000048961
1000048969
1000049077
1000049101
1000049117
1000049147
1000049201
1000049203
1000049207
1000049231
1000049251
1000049263
1000049279
1000049291
1000049317
1000049329
1000049333
1000049341
1000049371
1000049383
1000049419
1000049443
1000049461
1000049467
1000049471
1000049473
1000049483
1000049513
1000049549
1000049563
1000049569
1000049593
1000049621
1000049623
1000049627
1000049639
1000049663
1000049669
1000049671
1000049681
1000049719
1000049723
1000049741
1000049767
1000049773
1000049789
1000049807
1000049917
1000049929
1000049957
1000049977
1000049989
1000050001
1000050017
1000050061
1000050071
1000050083
1000050091
1000050119
1000050131
1000050133
1000050137
1000050157
1000050169
1000050221
1000050253
1000050263
1000050277
1000050283
1000050301
1000050323
1000050343
1000050353
1000050367
1000050439
1000050461
1000050473
1000050487
1000050497
1000050523
1000050559
1000050581
1000050589
1000050659
1000050661
1000050671
1000050677
1000050683
1000050713
1000050719
1000050739
1000050743
1000050757
1000050839
1000050851
1000050853
1000050889
1000050901
1000050941
1000050977
1000050991
1000051009
1000051033
1000051037
1000051057
1000051067
1000051097
1000051099
1000051177
1000051193
1000051237
1000051253
1000051267
1000051303
1000051319
1000051321
1000051373
1000051421
1000051427
1000051463
1000051483
1000051499
1000051513
1000051553
1000051561
1000051597
1000051609
1000051621
1000051649
1000051687
1000051693
1000051697
1000051727
1000051733
1000051771
1000051807
1000051813
1000051837
1000051883
1000051901
1000051919
1000051933
1000051939
1000051961
1000051963
1000051991
1000051993
1000051999
1000052017
1000052051
1000052063
1000052069
1000052083
1000052159
1000052189
1000052227
1000052237
1000052257
1000052293
1000052321
1000052341
1000052363
1000052369
1000052393
1000052399
1000052401
1000052407
1000052429
1000052447
1000052497
1000052513
1000052561
1000052563
1000052567
1000052569
1000052587
1000052621
1000052629
1000052633
1000052639
1000052671
1000052701
1000052717
1000052723
1000052741
1000052749
1000052803
1000052819
1000052827
1000052843
1000052899
1000052941
1000052951
1000052953
1000052957
1000052987
1000052993
1000053001
1000053037
1000053053
1000053071
1000053073
1000053097
1000053121
1000053151
1000053161
1000053167
1000053191
1000053199
1000053209
1000053221
1000053253
1000053287
1000053319
1000053331
1000053401
1000053433
1000053463
1000053473
1000053491
1000053493
1000053497
1000053511
1000053517
1000053529
1000053533
1000053553
1000053559
1000053643
1000053667
1000053683
1000053689
1000053757
1000053799
1000053833
1000053851
1000053889
1000053911
1000053959
1000053973
1000053983
1000054031
1000054043
1000054049
1000054051
1000054061
1000054091
1000054117
1000054129
1000054157
1000054171
1000054199
1000054213
1000054217
1000054219
1000054243
1000054259
1000054271
1000054273
1000054309
1000054331
1000054333
1000054381
1000054387
1000054409
1000054423
1000054441
1000054477
1000054487
1000054499
1000054541
1000054547
1000054567
1000054571
1000054619
1000054621
1000054639
1000054691
1000054703
1000054751
1000054753
1000054777
1000054787
1000054807
1000054831
1000054837
1000054843
1000054871
1000054883
1000054889
1000054901
1000054919
1000055003
1000055011
1000055027
1000055029
1000055047
1000055051
1000055117
1000055219
1000055239
1000055267
1000055269
1000055281
1000055327
1000055347
1000055359
1000055363
1000055393
1000055417
1000055423
1000055437
1000055449
1000055453
1000055471
1000055473
1000055521
1000055527
1000055597
1000055603
1000055611
1000055657
1000055669
1000055699
1000055701
1000055717
1000055729
1000055743
1000055759
1000055761
1000055779
1000055789
1000055813
1000055827
1000055831
1000055839
1000055851
1000055857
1000055873
1000055879
1000055891
1000055897
1000055911
1000055929
1000055963
1000055977
1000055983
1000055999
1000056011
1000056041
1000056073
1000056103
1000056131
1000056139
1000056157
1000056163
1000056191
1000056193
1000056199
1000056221
1000056259
1000056269
1000056301
1000056349
1000056377
1000056389
1000056401
1000056403
1000056427
1000056437
1000056443
1000056479
1000056481
1000056493
1000056529
1000056587
1000056593
1000056611
1000056613
1000056623
1000056643
1000056653
1000056703
1000056731
1000056763
1000056787
1000056809
1000056821
1000056829
1000056833
1000056839
1000056847
1000056877
1000056881
1000056917
1000056919
1000056961
1000057027
1000057031
1000057033
1000057061
1000057109
1000057171
1000057189
1000057207
1000057217
1000057231
1000057243
1000057271
1000057291
1000057307
1000057327
1000057339
1000057361
1000057367
1000057369
1000057391
1000057403
1000057433
1000057469
1000057483
1000057517
1000057519
1000057529
1000057559
1000057567
1000057627
1000057633
1000057651
1000057679
1000057703
1000057711
1000057717
1000057727
1000057739
1000057769
1000057777
1000057781
1000057783
1000057801
1000057823
1000057831
1000057843
1000057873
1000057889
1000057943
1000057979
1000057987
1000058029
1000058041
1000058117
1000058173
1000058197
1000058207
1000058221
1000058231
1000058251
1000058299
1000058309
1000058321
1000058329
1000058383
1000058413
1000058447
1000058467
1000058471
1000058497
1000058509
1000058513
1000058539
1000058567
1000058569
1000058581
1000058599
1000058623
1000058639
1000058641
1000058669
1000058687
1000058693
1000058743
1000058747
1000058777
1000058789
1000058803
1000058819
1000058821
1000058831
1000058849
1000058861
1000058893
1000058911
1000058923
1000058971
1000058981
1000058987
1000059007
1000059013
1000059023
1000059031
1000059043
1000059059
1000059077
1000059079
1000059097
1000059131
1000059161
1000059191
1000059227
1000059241
1000059253
1000059367
1000059377
1000059407
1000059409
1000059419
1000059439
1000059443
1000059449
1000059451
1000059503
1000059539
1000059581
1000059583
1000059589
1000059649
1000059667
1000059673
1000059677
1000059691
1000059701
1000059707
1000059713
1000059719
1000059743
1000059773
1000059787
1000059811
1000059817
1000059869
1000059877
1000059887
1000059947
1000059959
1000059967
1000059979
1000059989
1000060001
1000060043
1000060051
1000060081
1000060121
1000060129
1000060141
1000060177
1000060183
1000060213
1000060223
1000060267
1000060301
1000060333
1000060351
1000060363
1000060379
1000060387
1000060427
1000060433
1000060441
1000060463
1000060469
1000060471
1000060499
1000060541
1000060543
1000060549
1000060571
1000060603
1000060639
1000060673
1000060709
1000060739
1000060741
1000060771
1000060777
1000060781
1000060793
1000060823
1000060829
1000060849
1000060879
1000060883
1000060891
1000060903
1000060973
1000060987
1000060993
1000061009
1000061047
1000061077
1000061087
1000061089
1000061099
1000061141
1000061171
1000061177
1000061203
1000061207
1000061213
1000061243
1000061263
1000061281
1000061291
1000061311
1000061351
1000061407
1000061417
1000061429
1000061437
1000061443
1000061453
1000061471
1000061473
1000061479
1000061501
1000061507
1000061509
1000061539
1000061603
1000061609
1000061617
1000061653
1000061677
1000061681
1000061749
1000061759
1000061807
1000061809
1000061813
1000061819
1000061831
1000061849
1000061947
1000061957
1000061969
1000061989
1000062001
1000062023
1000062031
1000062047
1000062053
1000062059
1000062067
1000062079
1000062097
1000062109
1000062181
1000062191
1000062221
1000062251
1000062257
1000062277
1000062293
1000062313
1000062341
1000062377
1000062409
1000062431
1000062433
1000062457
1000062461
1000062463
1000062527
1000062541
1000062589
1000062629
1000062647
1000062649
1000062667
1000062719
1000062727
1000062733
1000062743
1000062773
1000062781
1000062863
1000062887
1000062907
1000062953
1000062991
1000063013
1000063019
1000063037
1000063067
1000063073
1000063079
1000063087
1000063111
1000063159
1000063217
1000063237
1000063243
1000063283
1000063297
1000063313
1000063327
1000063331
1000063333
1000063357
1000063367
1000063387
1000063411
1000063429
1000063433
1000063451
1000063453
1000063459
1000063469
1000063577
1000063601
1000063609
1000063633
1000063693
1000063699
1000063733
1000063739
1000063807
1000063819
1000063853
1000063873
1000063877
1000063891
1000063919
1000063931
1000063949
1000063973
1000064017
1000064027
1000064053
1000064077
1000064099
1000064111
1000064129
1000064137
1000064141
1000064147
1000064279
1000064281
1000064291
1000064339
1000064341
1000064353
1000064383
1000064399
1000064407
1000064413
1000064419
1000064437
1000064441
1000064467
1000064489
1000064501
1000064519
1000064599
1000064641
1000064657
1000064699
1000064701
1000064719
1000064761
1000064789
1000064827
1000064837
1000064843
1000064851
1000064893
1000064903
1000064917
1000064921
1000064939
1000064953
1000064957
1000064983
1000065083
1000065097
1000065149
1000065161
1000065167
1000065169
1000065173
1000065191
1000065229
1000065259
1000065289
1000065329
1000065343
1000065349
1000065371
1000065373
1000065401
1000065403
1000065413
1000065421
1000065449
1000065457
1000065467
1000065497
1000065509
1000065523
1000065559
1000065569
1000065571
1000065581
1000065587
1000065607
1000065623
1000065679
1000065697
1000065719
1000065721
1000065733
1000065751
1000065757
1000065821
1000065823
1000065827
1000065853
1000065883
1000065889
1000065929
1000065947
1000065971
1000065991
1000066003
1000066031
1000066043
1000066049
1000066127
1000066153
1000066213
1000066261
1000066279
1000066283
1000066337
1000066357
1000066367
1000066393
1000066399
1000066439
1000066477
1000066489
1000066499
1000066511
1000066601
1000066621
1000066643
1000066649
1000066663
1000066679
1000066681
1000066687
1000066733
1000066763
1000066787
1000066801
1000066807
1000066817
1000066853
1000066891
1000066901
1000066909
1000066981
1000066997
1000066999
1000067011
1000067069
1000067087
1000067141
1000067149
1000067171
1000067183
1000067213
1000067219
1000067281
1000067311
1000067333
1000067351
1000067353
1000067359
1000067371
1000067417
1000067423
1000067459
1000067473
1000067513
1000067567
1000067569
1000067573
1000067591
1000067599
1000067617
1000067647
1000067671
1000067681
1000067693
1000067699
1000067707
1000067711
1000067713
1000067737
1000067749
1000067771
1000067773
1000067779
1000067797
1000067801
1000067821
1000067837
1000067839
1000067867
1000067879
1000067881
1000067909
1000067911
1000067917
1000067951
1000067969
1000068007
1000068019
1000068053
1000068067
1000068089
1000068101
1000068107
1000068119
1000068127
1000068131
1000068137
1000068143
1000068149
1000068151
1000068191
1000068203
1000068217
1000068229
1000068233
1000068241
1000068263
1000068271
1000068281
1000068361
1000068371
1000068373
1000068379
1000068383
1000068389
1000068413
1000068431
1000068457
1000068473
1000068521
1000068527
1000068529
1000068581
1000068593
1000068611
1000068659
1000068677
1000068749
1000068793
1000068833
1000068841
1000068859
1000068863
1000068869
1000068907
1000068913
1000068919
1000068929
1000068989
1000069019
1000069027
1000069033
1000069039
1000069043
1000069051
1000069061
1000069067
1000069087
1000069099
1000069111
1000069129
1000069153
1000069159
1000069163
1000069177
1000069193
1000069201
1000069249
1000069261
1000069289
1000069303
1000069307
1000069309
1000069363
1000069373
1000069397
1000069423
1000069459
1000069481
1000069493
1000069507
1000069519
1000069547
1000069571
1000069583
1000069607
1000069613
1000069643
1000069649
1000069661
1000069687
1000069751
1000069799
1000069801
1000069817
1000069867
1000069907
1000069913
1000069919
1000069933
1000069943
1000069979
1000070047
1000070083
1000070087
1000070129
1000070161
1000070171
1000070189
1000070209
1000070213
1000070219
1000070231
1000070293
1000070297
1000070311
1000070317
1000070333
1000070347
1000070353
1000070359
1000070437
1000070459
1000070497
1000070501
1000070503
1000070507
1000070549
1000070557
1000070573
1000070579
1000070587
1000070593
1000070627
1000070629
1000070639
1000070641
1000070657
1000070671
1000070677
1000070683
1000070707
1000070759
1000070803
1000070807
1000070809
1000070821
1000070837
1000070861
1000070879
1000070927
1000070933
1000070959
1000070969
1000070971
1000070987
1000070989
1000070999
1000071041
1000071071
1000071077
1000071101
1000071103
1000071157
1000071169
1000071173
1000071179
1000071197
1000071209
1000071277
1000071301
1000071337
1000071353
1000071383
1000071419
1000071421
1000071481
1000071491
1000071497
1000071503
1000071521
1000071559
1000071577
1000071581
1000071613
1000071623
1000071629
1000071643
1000071647
1000071673
1000071679
1000071689
1000071691
1000071719
1000071739
1000071803
1000071817
1000071827
1000071829
1000071833
1000071857
1000071871
1000071899
1000071929
1000071967
1000071977
1000071983
1000072009
1000072013
1000072019
1000072033
1000072081
1000072091
1000072097
1000072103
1000072109
1000072127
1000072147
1000072159
1000072169
1000072193
1000072207
1000072289
1000072301
1000072303
1000072309
1000072313
1000072321
1000072331
1000072343
1000072349
1000072357
1000072363
1000072387
1000072393
1000072399
1000072421
1000072483
1000072523
1000072631
1000072649
1000072663
1000072669
1000072673
1000072681
1000072739
1000072757
1000072781
1000072807
1000072817
1000072819
1000072877
1000072897
1000072901
1000072903
1000072907
1000072919
1000072921
1000072933
1000072937
1000072981
1000072993
1000073071
1000073077
1000073089
1000073119
1000073141
1000073171
1000073183
1000073251
1000073267
1000073293
1000073309
1000073329
1000073363
1000073369
1000073387
1000073413
1000073429
1000073441
1000073443
1000073471
1000073479
1000073491
1000073507
1000073521
1000073527
1000073533
1000073539
1000073551
1000073563
1000073573
1000073593
1000073621
1000073639
1000073677
1000073699
1000073731
1000073761
1000073791
1000073803
1000073827
1000073869
1000073887
1000073929
1000073933
1000073941
1000073947
1000073951
1000073969
1000073983
1000073993
1000074001
1000074041
1000074059
1000074169
1000074191
1000074209
1000074239
1000074241
1000074259
1000074269
1000074289
1000074307
1000074311
1000074347
1000074371
1000074391
1000074479
1000074511
1000074533
1000074563
1000074571
1000074613
1000074619
1000074631
1000074641
1000074643
1000074679
1000074683
1000074697
1000074701
1000074703
1000074727
1000074737
1000074743
1000074749
1000074811
1000074833
1000074841
1000074851
1000074853
1000074857
1000074869
1000074913
1000074917
1000074923
1000074941
1000074949
1000074953
1000074979
1000075001
1000075007
1000075009
1000075057
1000075061
1000075067
1000075103
1000075117
1000075169
1000075171
1000075187
1000075189
1000075207
1000075231
1000075243
1000075247
1000075249
1000075267
1000075277
1000075301
1000075309
1000075313
1000075333
1000075339
1000075357
1000075361
1000075409
1000075481
1000075487
1000075501
1000075523
1000075543
1000075561
1000075577
1000075619
1000075631
1000075667
1000075669
1000075753
1000075777
1000075789
1000075799
1000075831
1000075859
1000075889
1000075891
1000075913
1000075919
1000075939
1000075957
1000075961
1000075987
1000076023
1000076057
1000076113
1000076159
1000076177
1000076243
1000076261
1000076263
1000076279
1000076321
1000076347
1000076369
1000076377
1000076423
1000076443
1000076479
1000076507
1000076537
1000076591
1000076611
1000076657
1000076719
1000076741
1000076807
1000076809
1000076821
1000076839
1000076849
1000076863
1000076899
1000076923
1000076927
1000076941
1000076953
1000077017
1000077031
1000077049
1000077059
1000077073
1000077079
1000077119
1000077131
1000077137
1000077157
1000077163
1000077167
1000077229
1000077251
1000077271
1000077301
1000077307
1000077311
1000077349
1000077361
1000077401
1000077409
1000077431
1000077433
1000077437
1000077451
1000077473
1000077487
1000077497
1000077509
1000077517
1000077523
1000077583
1000077599
1000077613
1000077641
1000077643
1000077647
1000077653
1000077679
1000077713
1000077733
1000077769
1000077791
1000077809
1000077817
1000077839
1000077877
1000077893
1000077913
1000077917
1000077919
1000077937
1000078003
1000078031
1000078049
1000078061
1000078067
1000078087
1000078139
1000078141
1000078151
1000078153
1000078199
1000078207
1000078223
1000078231
1000078241
1000078271
1000078279
1000078283
1000078337
1000078367
1000078399
1000078411
1000078421
1000078463
1000078517
1000078529
1000078553
1000078559
1000078561
1000078579
1000078687
1000078711
1000078741
1000078747
1000078769
1000078787
1000078789
1000078823
1000078829
1000078843
1000078901
1000078909
1000078931
1000078951
1000078967
1000078979
1000078991
1000079053
1000079063
1000079071
1000079083
1000079089
1000079107
1000079131
1000079147
1000079161
1000079183
1000079203
1000079219
1000079237
1000079243
1000079287
1000079291
1000079309
1000079357
1000079369
1000079371
1000079447
1000079449
1000079467
1000079551
1000079569
1000079579
1000079581
1000079593
1000079609
1000079617
1000079651
1000079653
1000079657
1000079683
1000079693
1000079741
1000079753
1000079827
1000079837
1000079851
1000079891
1000079903
1000079911
1000079923
1000079947
1000079963
1000079987
1000079999
1000080007
1000080017
1000080061
1000080073
1000080113
1000080127
1000080139
1000080209
1000080247
1000080269
1000080281
1000080293
1000080307
1000080337
1000080407
1000080461
1000080517
1000080551
1000080581
1000080583
1000080589
1000080707
1000080721
1000080727
1000080761
1000080769
1000080773
1000080803
1000080817
1000080841
1000080847
1000080853
1000080859
1000080883
1000080901
1000080919
1000080923
1000080943
1000080959
1000080973
1000080989
1000081013
1000081021
1000081039
1000081073
1000081097
1000081099
1000081127
1000081129
1000081139
1000081141
1000081183
1000081217
1000081223
1000081237
1000081249
1000081261
1000081279
1000081289
1000081309
1000081339
1000081343
1000081367
1000081387
1000081391
1000081403
1000081409
1000081451
1000081477
1000081507
1000081513
1000081517
1000081541
1000081567
1000081583
1000081601
1000081603
1000081609
1000081613
1000081657
1000081721
1000081723
1000081757
1000081759
1000081811
1000081861
1000081871
1000081897
1000081961
1000081981
1000081987
1000082029
1000082059
1000082063
1000082071
1000082101
1000082117
1000082131
1000082143
1000082173
1000082179
1000082207
1000082219
1000082221
1000082243
1000082249
1000082257
1000082269
1000082353
1000082359
1000082381
1000082399
1000082417
1000082459
1000082483
1000082539
1000082557
1000082561
1000082581
1000082593
1000082597
1000082623
1000082683
1000082717
1000082737
1000082747
1000082753
1000082767
1000082771
1000082789
1000082791
1000082813
1000082857
1000082869
1000082891
1000082903
1000082927
1000082959
1000082969
1000082989
1000083001
1000083037
1000083047
1000083103
1000083127
1000083131
1000083163
1000083167
1000083169
1000083179
1000083181
1000083187
1000083197
1000083251
1000083257
1000083269
1000083277
1000083307
1000083317
1000083319
1000083353
1000083367
1000083389
1000083431
1000083443
1000083457
1000083479
1000083481
1000083499
1000083541
1000083583
1000083587
1000083629
1000083641
1000083649
1000083661
1000083671
1000083691
1000083751
1000083757
1000083761
1000083779
1000083793
1000083797
1000083817
1000083859
1000083883
1000083911
1000083913
1000083949
1000083961
1000083967
1000083983
1000084051
1000084097
1000084103
1000084193
1000084199
1000084201
1000084249
1000084271
1000084291
1000084307
1000084331
1000084369
1000084373
1000084391
1000084427
1000084441
1000084457
1000084493
1000084511
1000084529
1000084531
1000084537
1000084541
1000084543
1000084559
1000084571
1000084601
1000084607
1000084639
1000084661
1000084663
1000084711
1000084739
1000084759
1000084763
1000084843
1000084853
1000084859
1000084861
1000084867
1000084879
1000084903
1000084949
1000084963
1000084979
1000084999
1000085041
1000085059
1000085077
1000085087
1000085101
1000085117
1000085131
1000085183
1000085209
1000085279
1000085363
1000085377
1000085381
1000085417
1000085441
1000085453
1000085491
1000085497
1000085531
1000085587
1000085621
1000085627
1000085633
1000085657
1000085659
1000085683
1000085687
1000085689
1000085711
1000085719
1000085731
1000085743
1000085753
1000085777
1000085783
1000085831
1000085857
1000085861
1000085887
1000085903
1000085927
1000085929
1000085951
1000085953
1000085971
1000085993
1000086001
1000086037
1000086053
1000086077
1000086089
1000086091
1000086119
1000086181
1000086187
1000086193
1000086211
1000086221
1000086239
1000086301
1000086313
1000086343
1000086383
1000086397
1000086419
1000086427
1000086433
1000086449
1000086463
1000086469
1000086491
1000086509
1000086541
1000086553
1000086569
1000086583
1000086611
1000086613
1000086631
1000086697
1000086701
1000086767
1000086799
1000086803
1000086827
1000086847
1000086937
1000086959
1000086977
1000086979
1000087007
1000087019
1000087057
1000087073
1000087087
1000087117
1000087139
1000087159
1000087181
1000087213
1000087247
1000087261
1000087303
1000087313
1000087337
1000087343
1000087367
1000087391
1000087411
1000087423
1000087463
1000087471
1000087483
1000087511
1000087513
1000087519
1000087547
1000087549
1000087567
1000087579
1000087597
1000087607
1000087609
1000087637
1000087643
1000087661
1000087691
1000087717
1000087723
1000087727
1000087787
1000087799
1000087811
1000087813
1000087841
1000087859
1000087889
1000087901
1000087943
1000087981
1000088003
1000088021
1000088041
1000088057
1000088069
1000088071
1000088129
1000088143
1000088147
1000088197
1000088203
1000088209
1000088249
1000088317
1000088347
1000088357
1000088377
1000088381
1000088387
1000088423
1000088543
1000088561
1000088581
1000088591
1000088623
1000088627
1000088633
1000088671
1000088689
1000088707
1000088723
1000088741
1000088753
1000088777
1000088779
1000088849
1000088863
1000088909
1000088911
1000088941
1000088963
1000088981
1000088987
1000088993
1000089011
1000089017
1000089023
1000089067
1000089071
1000089113
1000089127
1000089143
1000089191
1000089193
1000089199
1000089253
1000089257
1000089281
1000089287
1000089319
1000089371
1000089401
1000089403
1000089421
1000089479
1000089499
1000089527
1000089533
1000089551
1000089619
1000089631
1000089697
1000089733
1000089751
1000089793
1000089799
1000089847
1000089859
1000089869
1000089877
1000089899
1000089907
1000089919
1000089929
1000089931
1000089953
1000089967
1000089971
1000089973
1000089989
1000089997
1000090009
1000090031
1000090043
1000090067
1000090073
1000090121
1000090129
1000090153
1000090177
1000090187
1000090237
1000090271
1000090283
1000090313
1000090319
1000090321
1000090339
1000090361
1000090379
1000090387
1000090423
1000090453
1000090457
1000090459
1000090463
1000090499
1000090523
1000090579
1000090591
1000090613
1000090633
1000090673
1000090699
1000090711
1000090717
1000090727
1000090733
1000090753
1000090799
1000090813
1000090829
1000090849
1000090873
1000090891
1000090919
1000090939
1000090951
1000090967
1000090979
1000091003
1000091039
1000091047
1000091077
1000091137
1000091143
1000091149
1000091179
1000091189
1000091219
1000091231
1000091233
1000091237
1000091251
1000091269
1000091293
1000091297
1000091321
1000091327
1000091329
1000091371
1000091383
1000091399
1000091423
1000091441
1000091447
1000091473
1000091479
1000091483
1000091501
1000091563
1000091591
1000091621
1000091627
1000091633
1000091663
1000091669
1000091671
1000091689
1000091693
1000091699
1000091717
1000091749
1000091761
1000091779
1000091791
1000091797
1000091801
1000091863
1000091903
1000091921
1000091933
1000091947
1000091959
1000091971
1000091987
1000092007
1000092029
1000092061
1000092077
1000092083
1000092089
1000092091
1000092097
1000092101
1000092161
1000092221
1000092229
1000092239
1000092241
1000092263
1000092283
1000092293
1000092329
1000092343
1000092389
1000092403
1000092437
1000092491
1000092497
1000092529
1000092551
1000092553
1000092557
1000092571
1000092641
1000092659
1000092661
1000092673
1000092689
1000092697
1000092703
1000092749
1000092757
1000092791
1000092799
1000092823
1000092833
1000092887
1000092889
1000092901
1000092967
1000092971
1000092991
1000093009
1000093021
1000093037
1000093057
1000093079
1000093181
1000093189
1000093207
1000093249
1000093261
1000093273
1000093301
1000093309
1000093319
1000093351
1000093373
1000093397
1000093399
1000093447
1000093453
1000093489
1000093547
1000093553
1000093579
1000093621
1000093637
1000093667
1000093711
1000093789
1000093817
1000093891
1000093909
1000093951
1000093967
1000093973
1000093987
1000093993
1000093999
1000094009
1000094063
1000094077
1000094083
1000094093
1000094111
1000094113
1000094171
1000094177
1000094197
1000094231
1000094237
1000094267
1000094281
1000094321
1000094351
1000094357
1000094371
1000094429
1000094437
1000094449
1000094453
1000094521
1000094531
1000094587
1000094597
1000094611
1000094633
1000094681
1000094701
1000094713
1000094743
1000094791
1000094801
1000094803
1000094831
1000094833
1000094857
1000094873
1000094881
1000094897
1000094911
1000094917
1000094923
1000094981
1000094987
1000095011
1000095037
1000095043
1000095053
1000095071
1000095079
1000095113
1000095121
1000095133
1000095167
1000095169
1000095179
1000095199
1000095209
1000095221
1000095259
1000095277
1000095287
1000095331
1000095347
1000095359
1000095367
1000095391
1000095413
1000095443
1000095461
1000095487
1000095491
1000095517
1000095521
1000095529
1000095553
1000095587
1000095589
1000095617
1000095623
1000095631
1000095643
1000095659
1000095689
1000095697
1000095709
1000095713
1000095731
1000095757
1000095773
1000095779
1000095823
1000095857
1000095869
1000095883
1000095893
1000095923
1000095931
1000095953
1000095983
1000096003
1000096007
1000096039
1000096057
1000096081
1000096099
1000096121
1000096157
1000096169
1000096187
1000096211
1000096249
1000096259
1000096261
1000096267
1000096271
1000096297
1000096303
1000096381
1000096393
1000096399
1000096411
1000096429
1000096439
1000096441
1000096453
1000096457
1000096459
1000096469
1000096529
1000096541
1000096547
1000096567
1000096577
1000096583
1000096609
1000096613
1000096619
1000096633
1000096637
1000096651
1000096663
1000096667
1000096693
1000096729
1000096733
1000096753
1000096759
1000096771
1000096817
1000096847
1000096897
1000096907
1000096913
1000096919
1000096931
1000096991
1000096997
1000097011
1000097041
1000097047
1000097071
1000097081
1000097083
1000097149
1000097171
1000097177
1000097179
1000097191
1000097237
1000097249
1000097251
1000097269
1000097303
1000097323
1000097327
1000097341
1000097353
1000097359
1000097363
1000097381
1000097401
1000097407
1000097411
1000097447
1000097459
1000097467
1000097491
1000097507
1000097513
1000097561
1000097597
1000097599
1000097617
1000097621
1000097797
1000097801
1000097803
1000097869
1000097897
1000097899
1000097929
1000097951
1000098013
1000098017
1000098019
1000098059
1000098097
1000098103
1000098107
1000098149
1000098157
1000098163
1000098191
1000098221
1000098241
1000098293
1000098329
1000098331
1000098353
1000098361
1000098377
1000098431
1000098479
1000098487
1000098523
1000098563
1000098587
1000098689
1000098733
1000098739
1000098761
1000098779
1000098851
1000098881
1000098887
1000098889
1000098893
1000098917
1000098941
1000098989
1000099013
1000099049
1000099057
1000099063
1000099073
1000099081
1000099187
1000099193
1000099223
1000099253
1000099259
1000099267
1000099279
1000099291
1000099297
1000099327
1000099349
1000099367
1000099369
1000099379
1000099403
1000099411
1000099421
1000099427
1000099433
1000099469
1000099483
1000099519
1000099531
1000099549
1000099567
1000099571
1000099591
1000099601
1000099651
1000099663
1000099691
1000099721
1000099741
1000099759
1000099769
1000099799
1000099831
1000099871
1000099873
1000099901
1000099907
1000099931
1000099943
1000099957
1000099963
1000099967
1000099993
1000099999

